0.	0.49999999999999967	1.7928932188134512
0.05	0.49562465956026625	1.7927019506639583
0.1	0.483011469395579	1.7899278042207407
0.15000000000000002	0.4635779863278182	1.7786296594619484
0.2	0.4393184756211317	1.7509192176909139
0.25	0.4123561407982736	1.699358497673999
0.30000000000000004	0.3844981880795944	1.6192794063377114
0.35000000000000003	0.35690782266678417	1.5103521712747907
0.4	0.3299747618563909	1.376971542135745
0.45	0.30340667032312113	1.2273801703250158
0.5	0.2765017144051924	1.071812196149533
0.55	0.24851342881164	0.9202131265667862
0.6000000000000001	0.21899913428412277	0.7802067599911189
0.65	0.18805453452031376	0.6558739052686735
0.7000000000000001	0.1563757533608762	0.547641531079117
0.75	0.1251442956640362	0.4532355210129623
0.8	0.09578425964876139	0.36933190553945716
0.8500000000000001	0.06967448809327687	0.29334189469685545
0.9	0.04790439605496275	0.22474682723463713
0.9500000000000001	0.03114220776122318	0.16557088093985706
1.	0.019642203183866072	0.11987412178826908
1.05	0.013369099295468584	0.09246930323457363
1.1	0.012179116538534642	0.08731337260469722
1.1500000000000001	0.01598222625106321	0.10613268232332851
1.2000000000000002	0.024820049646284426	0.14775336528148608
1.25	0.03882703347301186	0.20836884075250575
1.3	0.05808731255351397	0.2826615986592177
1.35	0.08244126509507776	0.3654126361706952
1.4000000000000001	0.11131812516338598	0.45305862383845624
1.4500000000000002	0.14366707908311016	0.544657612375062
1.5	0.17803053774816013	0.641911685922968
1.55	0.21275743871580413	0.7481984582330323
1.6	0.24630570486353517	0.8668866842865599
1.6500000000000001	0.2775470107512412	0.9994568742787668
1.7000000000000002	0.30598015686463986	1.1440424826876565
1.75	0.331779859905181	1.294898385072062
1.8	0.35565261426798905	1.4430336973941225
1.85	0.3785286934967305	1.5778908185834124
1.9000000000000001	0.40117217420485995	1.6896304407923317
1.9500000000000002	0.42381898316228706	1.7713787975032635
2.	0.4459504939752875	1.8207757289903275
2.0500000000000003	0.46627635255560684	1.8403560535941843
2.1	0.4829428671800261	1.8366341868886056
2.15	0.49391952660514177	1.8181346652217654
2.2	0.49746331764584084	1.7929190705328237
2.25	0.492537961245914	1.7663212859546127
2.3000000000000003	0.4790760470033536	1.7395384306764616
2.35	0.4580137090718652	1.709474955329541
2.4000000000000004	0.43108938035253447	1.6698706323929908
2.45	0.4004648063879796	1.6133737348170336
2.5	0.368271959580239	1.5339489157940678
2.5500000000000003	0.3362059919665889	1.42891707925042
2.6	0.30526837867449186	1.3000470011937477
2.6500000000000004	0.2757181445335088	1.1534128732412643
2.7	0.24722793324020778	0.9980950139754254
2.75	0.2191842719957079	0.8441312520905256
2.8000000000000003	0.191035189281215	0.7003426856296514
2.85	0.1625814690017435	0.5726646940989123
2.9000000000000004	0.13413157567530692	0.4634338695243661
2.95	0.1064859302774151	0.3717724729976697
3.	0.0807716931700452	0.2948744249699542
3.0500000000000003	0.05819244111367537	0.22972388473922853
3.1	0.03977759394840716	0.17466092600485905
3.1500000000000004	0.026210231463799315	0.13028376457260238
3.2	0.017780385217526496	0.09941471925954534
3.25	0.01446441451788248	0.08617111906511142
3.3000000000000003	0.016086723343357718	0.09447583222766645
3.35	0.022493804710534457	0.12653311920555022
3.4000000000000004	0.03366792084116622	0.18180339885323035
3.45	0.04973094436672712	0.2568431080619215
3.5	0.0708299612064954	0.3460858946650633
3.5500000000000003	0.09694239781064484	0.44333179537661466
3.6	0.12767137098686457	0.5434648621300017
3.6500000000000004	0.16211181485126835	0.6438258728904617
3.7	0.19885054867674978	0.7447640537705901
3.75	0.23612367253459077	0.8491497543942474
3.8000000000000003	0.2721034864078145	0.9609574877286996
3.85	0.30524055696037744	1.083333121307661
3.9000000000000004	0.3345634077426627	1.216750927589361
3.95	0.35984348182036413	1.3578627702653514
4.	0.38156656902416947	1.4994510250770767
4.05	0.4007057805303173	1.631569286445594
4.1000000000000005	0.41835204297203266	1.7435993982266513
4.15	0.4353015375187319	1.8266642763689827
4.2	0.45171644357749435	1.875706442251043
4.25	0.46695934614157114	1.890622004914913
4.3	0.47965556334934106	1.876112452700622
4.3500000000000005	0.4879742478949536	1.8402798640117517
4.4	0.4900565470578269	1.7923515917795547
4.45	0.4844775404849837	1.7401848872111112
4.5	0.4706188422885077	1.6882616520965978
4.55	0.4488526632937643	1.6367356196611298
4.6000000000000005	0.42048908366827903	1.581783269571512
4.65	0.3875062469247808	1.5171327904279988
4.7	0.3521404506925349	1.4363030387892017
4.75	0.3164478793533717	1.334885149891261
4.800000000000001	0.28195349690042915	1.2122004897922574
4.8500000000000005	0.24947340859725742	1.0718758400125887
4.9	0.2191429569331292	0.9212042591426836
4.95	0.190622950957518	0.7695157963716517
5.	0.16340829053072264	0.6260753656487325
5.050000000000001	0.13713947059902587	0.498143880916802
5.1000000000000005	0.11182449153898127	0.38975860085764147
5.15	0.08791223361513337	0.30154362479062563
5.2	0.06621005679915329	0.23153614140549464
5.25	0.047687275819490324	0.17669427400315368
5.300000000000001	0.033238665471150515	0.13455039844757877
5.3500000000000005	0.023489555427210443	0.10444793626566161
5.4	0.01870526478857939	0.08796042229731285
5.45	0.018826845507306247	0.08837135237055503
5.5	0.023608655357165585	0.10940746505551549
5.550000000000001	0.03279785875082386	0.1536744432180343
5.6000000000000005	0.04628117935186097	0.2213467990544643
5.65	0.0641355664110561	0.3095820992538941
5.7	0.08655359622468826	0.4128905681392094
5.75	0.11366161061455606	0.5243813994717922
5.800000000000001	0.14528980699334235	0.6375091177126505
5.8500000000000005	0.1807766757083644	0.7477616022751157
5.9	0.21888631202913789	0.8537278698280513
5.95	0.25788715289996295	0.9571718831239536
6.	0.2957914707470467	1.062040508440856
6.050000000000001	0.3307018281717708	1.1726700486924169
6.1000000000000005	0.3611725742779777	1.2917286259389815
6.15	0.38648308085004063	1.418537852614215
6.2	0.40673783684362186	1.5483242630987453
6.25	0.42275342574926594	1.672684257669656
6.300000000000001	0.4357551594882075	1.7811913696214439
6.3500000000000005	0.44696132315777237	1.8637266250325812
6.4	0.45716791561554604	1.9128819404079733
6.45	0.46645065814232106	1.9257437027556537
6.5	0.4740715357881341	1.9045422356471726
6.550000000000001	0.47862056787624985	1.855970789261031
6.6000000000000005	0.4783577059914078	1.7893555889143768
6.65	0.47166368304781514	1.7141981414571672
6.7	0.457478929116783	1.6377911348633976
6.75	0.43561321460126634	1.5635769760812592
6.800000000000001	0.4068438636558557	1.4906935646485693
6.8500000000000005	0.3727820491905019	1.4148054574292581
6.9	0.3355499688108724	1.3299403777788836
6.95	0.2973607757597812	1.2307644240785829
7.	0.2601156252571845	1.1146122520809296
7.050000000000001	0.22512271209594428	0.9826886361040537
7.1000000000000005	0.19300140190300147	0.8401189077368548
7.15	0.16377806004630427	0.6948732337597625
7.2	0.13712536294257754	0.5559292270902071
7.25	0.11265925309549199	0.43125483830550754
7.300000000000001	0.09019784582527521	0.32621818484439224
7.3500000000000005	0.0699057771633442	0.2428711807260534
7.4	0.05229078597991574	0.1802693692240947
7.45	0.03806937787466135	0.13565453608615397
7.5	0.027959642414926614	0.10605795845719063
7.550000000000001	0.022479227359026344	0.08976024138775572
7.6000000000000005	0.021821285470548166	0.08711467012061427
7.65	0.0258492926817783	0.10046256838042619
7.7	0.03420677609341191	0.13317689824047438
7.75	0.046496070159184895	0.1881696090954455
7.800000000000001	0.06245467521700854	0.266387222707115
7.8500000000000005	0.0820561925998431	0.3658300703630836
7.9	0.10548726229222602	0.4814642271314551
7.95	0.13299626609210197	0.6061115113095668
8.	0.16465611023617052	0.7320791056957388
8.05	0.2001182565957464	0.8530348616574431
8.1	0.23844593379197596	0.9655288635971149
8.15	0.2780974724143735	1.0696605470314904
8.200000000000001	0.3170880442373435	1.1686391022122864
8.25	0.3533031628771247	1.2673223622274303
8.3	0.38488734906638494	1.370148454233691
8.35	0.4106036471481756	1.4790839808764895
8.4	0.4300604980973964	1.5922274944994237
8.450000000000001	0.44373375070212695	1.7035285388805288
8.5	0.45276935898379533	1.8037634305488806
8.55	0.45861426632880137	1.8825352877713213
8.6	0.46257257465054574	1.9307540289384455
8.65	0.4654077521161192	1.9428912121885356
8.700000000000001	0.46710234176604165	1.9183685366253083
8.75	0.4668429172368025	1.8616799560573731
8.8	0.46323568404449234	1.7812053983841598
8.85	0.4546937277315228	1.687053908277246
8.9	0.43989034965802704	1.588557560540844
8.950000000000001	0.4181556610176357	1.4921234208519256
9.	0.38970986443330663	1.400034400603535
9.05	0.3556753936560564	1.310508232461481
9.1	0.3178728967574934	1.2189483834773314
9.15	0.2784641013602111	1.1199745058193442
9.200000000000001	0.239542979583388	1.009599786046678
9.25	0.20278714150961685	0.8869070131675955
9.3	0.16925581887759023	0.7547460717185129
9.35	0.13937284742154607	0.6192822065912941
9.4	0.11307710863207805	0.48857725577558586
9.450000000000001	0.09007574415302942	0.3706793640019392
9.5	0.0701101655049679	0.2718217437358714
9.55	0.05314874786553446	0.1952692122485079
9.600000000000001	0.03945161763356286	0.1411314168932619
9.65	0.029499766452874464	0.10714118751590725
9.700000000000001	0.023826785961442512	0.09008489860243339
9.75	0.022822105521210036	0.08736663715355371
9.8	0.02658273260954049	0.09816389366420959
9.850000000000001	0.0348698771190932	0.12377775164349522
9.9	0.04718700316979699	0.16705518931630384
9.950000000000001	0.06295059288299713	0.23107784844091384
10.	0.08169052284618816	0.31757076153238806
10.05	0.10320236147051824	0.4255873976399377
10.100000000000001	0.1275864494270688	0.5509492883821514
10.15	0.15514622428302238	0.6866859539084521
10.200000000000001	0.18616664544957987	0.8243996829538447
10.25	0.22063738361675866	0.9561712508946081
10.3	0.25801062004026615	1.0764238702518705
10.350000000000001	0.29708156304604905	1.183159140460395
10.4	0.3360480117263668	1.278150440176539
10.450000000000001	0.3727536538193474	1.3659858577851935
10.5	0.4050626943482021	1.4522073128961857
10.55	0.4312712021449453	1.5410883376578077
10.600000000000001	0.45044301128896586	1.633716686297496
10.65	0.46257221290830863	1.7269763426232354
10.700000000000001	0.46852059153699355	1.8137729832421576
10.75	0.4697410503202056	1.884484646981199
10.8	0.467857436771468	1.929255044203111
10.850000000000001	0.4642123961827489	1.9404848885905959
10.9	0.4595070683739138	1.9148170201707835
10.950000000000001	0.45363054039051603	1.8540513820924254
11.	0.4457243056988325	1.7647283121703536
11.05	0.4344612989944865	1.6565002866971423
11.100000000000001	0.4184606319607575	1.539770395374138
11.15	0.3967228600589389	1.423271473182221
11.200000000000001	0.36896666345288653	1.3122615646952442
11.25	0.335778827578959	1.2078214609337807
11.3	0.2985452163331328	1.1074056899072073
11.350000000000001	0.25919136391151815	1.0064256181568676
11.4	0.2198114245815609	0.9003442154054985
11.450000000000001	0.182292648869109	0.7866342623317206
11.5	0.14803550143778874	0.6660180183501953
11.55	0.11783420124192012	0.5426438622000694
11.600000000000001	0.09193067004727669	0.4231891775882151
11.65	0.07020320175962064	0.31521799207986356
11.700000000000001	0.052413333191894146	0.2253341483876793
11.75	0.03842325490424594	0.15771031372856117
11.8	0.028313802239933718	0.11343537627424954
11.850000000000001	0.022372798532251416	0.0908465675328296
11.9	0.020970341346048464	0.08668549843412833
11.950000000000001	0.02437631452792442	0.0976485578434329
12.	0.03259558584925579	0.1217855433966136
12.05	0.04528854007602448	0.15925813390795734
12.100000000000001	0.061812764126931624	0.2121872633516264
12.15	0.08137663939209053	0.2836259370245551
12.200000000000001	0.10325477588730006	0.37600116609936235
12.25	0.12698862226880284	0.48955558857938886
12.3	0.1524948568312524	0.6213372467551634
12.350000000000001	0.1800314254398822	0.7651263637367615
12.4	0.21001742878070598	0.9123982085139589
12.450000000000001	0.2427522264320529	1.054085784402924
12.5	0.2781170843147479	1.182631452475895
12.55	0.3153571659292464	1.293707250917868
12.600000000000001	0.353024436141375	1.387061444047821
12.65	0.38911862038844963	1.4661946034414224
12.700000000000001	0.4214048690567057	1.5369149044895383
12.75	0.44783356554042975	1.6051775203465752
12.8	0.4669529029104825	1.6748363357582403
12.850000000000001	0.4782000962719978	1.745979564404622
12.9	0.4819867309186996	1.8143652216075075
12.950000000000001	0.47955062261292014	1.8721584565001521
13.	0.47260973503893605	1.9097902285068966
13.05	0.46290841322222404	1.918420041020897
13.100000000000001	0.4517785738816711	1.8923071087289294
13.15	0.4398336626966497	1.8304191910906358
13.200000000000001	0.4268754144611887	1.7368246001096355
13.25	0.41203350674797345	1.61975912258114
13.3	0.394094217720386	1.4896547469207042
13.350000000000001	0.37192273114856556	1.3567036744507948
13.4	0.34486026548539506	1.2286491309115743
13.450000000000001	0.31298789812438743	1.1094131371821083
13.5	0.2771919851249164	0.9989116659367716
13.55	0.23902370392536407	0.8940440037973394
13.600000000000001	0.20040194756475924	0.790495632027131
13.65	0.1632513152639321	0.6847689464199266
13.700000000000001	0.12917870289017297	0.5758135656473009
13.75	0.09927199244543089	0.4657749492717157
13.8	0.07406127040767349	0.3596657305575356
13.850000000000001	0.05363181596064788	0.26411563399457705
13.9	0.03783174014761479	0.18563498704175574
13.950000000000001	0.026492495026954048	0.12896181782322355
14.	0.019583610380599935	0.09601694736038427
14.05	0.01725265754932222	0.08578327269341818
14.100000000000001	0.019745114290969295	0.09511115070928108
14.15	0.027242450748144735	0.12014354873911812
14.200000000000001	0.039687124272918664	0.15785587826564734
14.25	0.05666862448281587	0.20717173645246306
14.3	0.07742326192569077	0.26925671995184286
14.350000000000001	0.10095924057782552	0.346864775312848
14.4	0.12627408829259104	0.442939923423406
14.450000000000001	0.1525948944984242	0.558932486049097
14.5	0.17955736480666684	0.69340202649446
14.55	0.20725371943349805	0.8414086985261375
14.600000000000001	0.23611962436716083	0.9949631136789587
14.65	0.26668068036290427	1.1444721432573806
14.700000000000001	0.2992267134643987	1.2807919548581335
14.75	0.33351219225680495	1.3972916720408834
14.8	0.36858095879935066	1.4913053415550925
14.850000000000001	0.4027826086967845	1.5645096387918798
14.9	0.4339940589879419	1.6220699857693521
14.950000000000001	0.46000057723269044	1.6707774341618857
15.	0.47894142647067506	1.7167033849516766
15.05	0.48970149534509605	1.7630541039342638
15.100000000000001	0.4921398896207408	1.8088630295656156
15.15	0.4870911792347353	1.848926278075735
15.200000000000001	0.47613555472530733	1.8750231845415832
15.25	0.4611968139972107	1.8780854029478946
15.3	0.4440760864113546	1.8506992961472943
15.350000000000001	0.426046440913629	1.7892323781784822
15.4	0.40761433733806113	1.6949826413933786
15.450000000000001	0.38850589585145756	1.5740278199292512
15.5	0.3678733470218414	1.4358417712877434
15.55	0.34465592410973267	1.291095308771533
15.600000000000001	0.31798903258472	1.1492796193470356
15.65	0.28754568336396763	1.0168234074291214
15.700000000000001	0.2537201459167354	0.8962148248451473
15.75	0.21761246529994166	0.7863195442579942
15.8	0.18083012499304024	0.6837240609482247
15.850000000000001	0.1451748319075899	0.5846353133357606
15.9	0.11231121073451875	0.4867228030671644
15.950000000000001	0.08351071002320404	0.39033331368197144
16.	0.05953323321351326	0.2987223674680743
16.05	0.0406627561592124	0.21727667505012807
16.1	0.026862999772279007	0.15202204463095886
16.150000000000002	0.01798352770404428	0.10792734802671702
16.2	0.013935650500182795	0.08756416148432869
16.25	0.014775089899537623	0.09055812075367797
16.3	0.02066545930766809	0.11399394961719038
16.35	0.03174170362163795	0.15361511712107057
16.400000000000002	0.04793081823491761	0.20539537706533273
16.45	0.06880534895949794	0.2669377600478061
16.5	0.09353576443861064	0.33820815738281124
16.55	0.12097409506944796	0.4213245676069072
16.6	0.1498563257360257	0.5194434713177098
16.650000000000002	0.17906718348505637	0.6350900134625821
16.7	0.20788346082918122	0.7684776297913082
16.75	0.23611097637205392	0.9163900628452206
16.8	0.26406020948999914	1.0720476983561245
16.85	0.2923527169098431	1.2260806622276608
16.900000000000002	0.32160375251035067	1.3683826647711588
16.95	0.3520699120074411	1.490330957089412
17.	0.3833686223617476	1.5867279734493762
17.05	0.4143613988314018	1.6568764715562085
17.1	0.44324939276103636	1.7044346961672543
17.150000000000002	0.46787044747426676	1.736063473727976
17.2	0.48612801972043884	1.7592365242897048
17.25	0.4964413427476601	1.7798372033359309
17.3	0.4980947313208257	1.8002380792346062
17.35	0.49139116290493784	1.8184334791898757
17.400000000000002	0.4775670193194481	1.8284869882593622
17.45	0.45848903193920465	1.8221727450416423
17.5	0.4362146809838272	1.7913393220230729
17.55	0.41253507519810095	1.7303209184288586
17.6	0.38862059557354584	1.6377093343621458
17.650000000000002	0.3648583401214275	1.5169847172680553
17.7	0.34091576434030646	1.3758477615304399
17.75	0.3160007870632099	1.2244755064436175
17.8	0.2892354206568373	1.0732231896794175
17.85	0.26003150021501065	0.9304367588173593
17.900000000000002	0.22836372000185967	0.8009938055225371
17.95	0.19487040030393318	0.6859455970770828
18.	0.16076539363603917	0.5832895296670668
18.05	0.12760006100074844	0.4895606403333763
18.1	0.09695657037707295	0.40169975464734287
18.150000000000002	0.0701664734696493	0.3185942542625846
18.2	0.04813225304498019	0.24181281649503594
18.25	0.03129184396399004	0.1753346197344431
18.3	0.019716882516246568	0.12440553204015518
18.35	0.013291970488854676	0.09393010310639996
18.400000000000002	0.011898599908955707	0.08694664518470735
18.45	0.015531912261766506	0.10370218865511607
18.5	0.0243062930445717	0.14163422722155142
18.55	0.038348713138250785	0.19625957713062758
18.6	0.05762188813202167	0.2626648332413267
18.650000000000002	0.08174882349626988	0.3370935172345836
18.7	0.10991378949938518	0.4180821104167777
18.75	0.14089152825145498	0.5067338672977089
18.8	0.17321475274665948	0.6060027688600125
18.85	0.20544232155287126	0.7191888514130429
18.900000000000002	0.23645168688925597	0.8481140150750359
18.95	0.2656627089435977	0.9915725938939507
19.	0.29311602751335586	1.144596218174583
19.05	0.3193686831943284	1.2988351518043348
19.1	0.3452236186034555	1.4440189550351425
19.150000000000002	0.3713625838616464	1.5701168602493059
19.200000000000003	0.39798731936818965	1.6695934805735262
19.25	0.42457699273245925	1.7391004875067575
19.3	0.44984153853847303	1.7800856637020672
19.35	0.4718975687172758	1.7981140933856061
19.400000000000002	0.488630739769211	1.8010767094962405
19.450000000000003	0.49815391088937944	1.7967863091751846
19.5	0.4992391466073459	1.7906453310214014
19.55	0.49160785284883324	1.7840632211948342
19.6	0.4760009016199128	1.7740807637566771
19.650000000000002	0.4540095424765265	1.7543075163296011
19.700000000000003	0.42771288374356403	1.7168936485877513
19.75	0.3992220202130868	1.654963678715873
19.8	0.3702524344756968	1.5648100893630343
19.85	0.3418346729522277	1.4472188567756215
19.900000000000002	0.31423213026168545	1.3075641686774944
19.950000000000003	0.28707454308896535	1.1546805656615113
20.	0.2596552745190734	0.9988704669855225